# Design Metrics
ABSTRACTION=1.2308288148721922
COMPOSITION=0.6808675445391169
COUPLING=0.9573973663826492
DESIGN_SIZE=1291.0
HIERARCHIES=99.0
INHERITANCE=0.3462587865561879
MESSAGING=5.469403563129357
COHESION=1.1626646010844306
ENCAPSULATION=0.6860231384394918
POLYMORPHISM=0.8334624322230829
COMPLEXITY=7.929512006196747
# Quality Metrics
EFFECTIVENESS=0.7554881433260143
FLEXIBILITY=0.6893214313953107
FUNCTIONALITY=307.3261502711076
EXTENDIBILITY=0.7265763336344069
REUSABILITY=648.2860185902401
UNDERSTANDABILITY=-429.0338292504498
