# Design Metrics
COUPLING=1.25
COMPLEXITY=5.25
INHERITANCE=0.0
ABSTRACTION=0.08333333333333333
DESIGN_SIZE=12.0
MESSAGING=3.9166666666666665
HIERARCHIES=0.0
COHESION=0.9166666666666666
POLYMORPHISM=0.0
ENCAPSULATION=0.5833333333333334
COMPOSITION=1.0
# Quality Metrics
EXTENDIBILITY=-0.5833333333333334
UNDERSTANDABILITY=-5.6375
FLEXIBILITY=0.33333333333333337
FUNCTIONALITY=3.611666666666667
EFFECTIVENESS=0.33333333333333337
REUSABILITY=7.875
