# Design Metrics
HIERARCHIES=1.0
ENCAPSULATION=0.453125
COMPOSITION=0.28125
POLYMORPHISM=0.125
COUPLING=0.625
DESIGN_SIZE=32.0
COHESION=0.40625
INHERITANCE=0.07795138888888889
ABSTRACTION=0.21875
COMPLEXITY=1.90625
MESSAGING=1.8125
# Quality Metrics
FLEXIBILITY=0.16015625
UNDERSTANDABILITY=-11.225156250000001
EXTENDIBILITY=-0.10164930555555557
REUSABILITY=16.8515625
EFFECTIVENESS=0.23121527777777778
FUNCTIONALITY=7.734999999999999
