# Design Metrics
COUPLING=0.625
COHESION=0.40625
POLYMORPHISM=0.125
ENCAPSULATION=0.453125
COMPOSITION=0.28125
COMPLEXITY=1.90625
ABSTRACTION=0.21875
DESIGN_SIZE=32.0
MESSAGING=1.8125
INHERITANCE=0.07795138888888889
HIERARCHIES=1.0
# Quality Metrics
REUSABILITY=16.8515625
FLEXIBILITY=0.16015625
FUNCTIONALITY=7.734999999999999
EFFECTIVENESS=0.23121527777777778
EXTENDIBILITY=-0.10164930555555557
UNDERSTANDABILITY=-11.225156250000001
